LATITUDE=-29.16530765942215
LONGITUDE=-54.89831672609559
ALTURA=425
UTC=-3
WINDOW_OPENED=Inicio
ALTITUDE=0
POS_GIR=6
POS_ELE=0
RESOLUCAO_M1=1.8
RESOLUCAO_M2=1.8
MICRO_PASSO_M1=1/16
